241.9894488901
249.5117895343
236.1069721366
263.0413845069
243.6254401375
247.2569583543
268.8611032965
217.5276393781
256.1210312790
253.1563025981
264.5087337347
249.7843377663
231.1899988590
258.4177129016
261.1582222913
252.8354073244
263.4557722132
261.3182082341
253.3794580744
250.8745090894
228.0441610099
247.8685481315
246.0509047776
228.5870362236
265.0328908075
248.0820442413
278.6907128898
258.5716337133
221.0477430179
245.1981022946
255.6440761974
234.1425806593
233.3118345157
240.1081504835
267.4790284450
276.3637207070
213.8634348114
278.1885619686
239.1019669845
225.8658653603
249.0599458585
260.8170333275
242.7911934423
249.2879107753
238.4654465152
244.7172267617
238.5939631257
230.7457352888
239.5261731735
238.5603771504
244.1965438938
241.5361309110
228.0645465857
250.5705757739
236.3228311510
245.9689116962
234.4085327830
281.1483132862
240.4938329943
247.8546861006
227.2873060190
236.5062953343
240.6577005865
267.4291464390
253.5741503221
252.9127580779
237.1189981857
248.1871511570
237.5663547414
277.9441308329
241.0271139476
257.6430021794
253.8844604696
238.8304645591
247.1942127921
249.8450077472
272.7119067562
244.6795135456
230.2455986931
269.7856699076
265.4905683252
257.4397472325
254.6413248433
252.2580712165
273.0177208026
257.6672955706
225.4614310569
239.7467370583
252.1464911534
251.9179168550
249.3656394104
251.6910451591
262.7506202846
260.7689086881
258.4971157095
242.0125188013
258.8253153028
237.1982658362
239.6520892568
233.7479080697
