1100.0067686612
1257.8248355873
1221.8380631932
1274.4849660910
1204.2581636302
1202.4450711292
1471.8859112792
1000.1920187821
1341.5393662648
1323.7523352001
1306.8584516015
1363.3480669426
994.2366820179
1356.7252179238
1369.4736732609
1238.5823451436
1402.2333001509
1420.4245636442
1196.3553083380
1294.1296264057
989.8828692261
1256.3754572771
1257.8173793438
1054.7920867292
1288.2839572422
1248.7393327098
1437.7076987902
1339.3619651792
953.7860655916
1247.2755820652
1310.2467650536
1228.6700332521
1080.0681670221
1166.8167567850
1419.3939840068
1484.2487542739
876.8184505768
1584.9497035117
1053.2801610296
973.9610926533
1150.9799158611
1259.8110675393
1269.4087281774
1286.8647754747
1113.8977930161
1181.0781361990
1163.6437706312
1003.7342158344
960.6636459793
1093.0525655026
1080.9204966305
1138.9175937478
1056.6230589485
1269.1443552310
1216.1869441753
1114.8893119673
1026.6981395609
1732.2630824357
1107.4659625663
1206.0472539058
1164.9894450398
1084.2382313603
1165.7978952338
1296.1232859106
1238.5321406708
1304.0038666113
1158.8763574678
1074.6674054296
1109.8809208888
1425.3302786836
1248.2926121905
1268.9045029740
1289.3156788146
1143.4025467764
1220.8516763487
1311.1895642581
1513.9903532600
1067.2721029823
1036.8161500147
1584.1023875047
1422.7795795750
1186.2877541524
1348.8653252423
1191.6525453501
1549.4614398367
1285.3071392457
1027.0162544742
1083.9409543709
1368.4614190184
1223.5083118284
1264.5642888304
1097.9794567743
1513.2187602263
1257.9055604506
1288.1458262972
1129.5863163443
1397.6204862894
1178.3046990818
1202.8297205493
1066.6139167368
